0.0000
0.0000
0.0000
0.0000
0.0000
0.0000
0.0000
0.0000
0.0000
0.0000
0.0000
0.0000
0.0000
0.0000
0.0000
0.0000
0.0000
0.0000
0.0000
0.0000
0.0000
0.0000
0.0000
0.0000
0.0000
0.0000
0.0000
0.0000
0.0000
0.0001
0.0001
0.0002
0.0004
0.0006
0.0009
0.0014
0.0022
0.0032
0.0047
0.0067
0.0094
0.0132
0.0181
0.0245
0.0327
0.0432
0.0564
0.0728
0.0929
0.1172
0.1463
0.1808
0.2211
0.2678
0.3212
0.3814
0.4488
0.5231
0.6041
0.6911
0.7835
0.8800
0.9793
1.0797
1.1790
1.2751
1.3654
1.4472
1.5177
1.5740
1.6133
1.6328
1.6302
1.6033
1.5504
1.4705
1.3629
1.2280
1.0665
0.8801
0.6715
0.4436
0.2004
-0.0536
-0.3133
-0.5735
-0.8285
-1.0725
-1.3001
-1.5059
-1.6850
-1.8331
-1.9465
-2.0226
-2.0593
-2.0558
-2.0122
-1.9295
-1.8096
-1.6553
-1.4701
-1.2583
-1.0246
-0.7739
-0.5114
-0.2425
0.0275
0.2937
0.5513
0.7959
1.0236
1.2310
1.4150
1.5733
1.7039
1.8054
1.8769
1.9177
1.9278
1.9073
1.8568
1.7773
1.6699
1.5362
1.3780
1.1976
0.9973
0.7801
0.5490
0.3073
0.0589
-0.1923
-0.4423
-0.6869
-0.9217
-1.1424
-1.3451
-1.5258
-1.6809
-1.8073
-1.9023
-1.9639
-1.9907
-1.9820
-1.9377
-1.8586
-1.7462
-1.6025
-1.4303
-1.2329
-1.0140
-0.7777
-0.5286
-0.2711
-0.0100
0.2501
0.5046
0.7492
0.9797
1.1924
1.3839
1.5511
1.6916
1.8032
1.8843
1.9338
1.9510
1.9358
1.8886
1.8101
1.7016
1.5648
1.4018
1.2152
1.0080
0.7834
0.5450
0.2968
0.0428
-0.2128
-0.4655
-0.7112
-0.9454
-1.1640
-1.3632
-1.5393
-1.6892
-1.8100
-1.8995
-1.9560
-1.9784
-1.9663
-1.9199
-1.8400
-1.7280
-1.5860
-1.4165
-1.2226
-1.0078
-0.7760
-0.5311
-0.2776
-0.0198
0.2377
0.4906
0.7346
0.9656
1.1797
1.3735
1.5436
1.6873
1.8024
1.8868
1.9394
1.9592
1.9460
1.8999
1.8216
1.7126
1.5745
1.4096
1.2207
1.0108
0.7834
0.5424
0.2918
0.0358
-0.2211
-0.4746
-0.7204
-0.9540
-1.1715
-1.3691
-1.5432
-1.6909
-1.8095
-1.8968
-1.9515
-1.9725
-1.9594
-1.9125
-1.8327
-1.7213
-1.5803
-1.4122
-1.2200
-1.0070
-0.7769
-0.5337
-0.2816
-0.0249
0.2319
0.4846
0.7288
0.9604
1.1754
1.3703
1.5418
1.6870
1.8035
1.8893
1.9429
1.9635
1.9507
1.9047
1.8263
1.7167
1.5778
1.4119
1.2218
1.0107
0.7822
0.5401
0.2887
0.0322
-0.2251
-0.4786
-0.7240
-0.9571
-1.1739
-1.3706
-1.5438
-1.6905
-1.8082
-1.8948
-1.9488
-1.9694
-1.9562
-1.9094
-1.8298
-1.7189
-1.5785
-1.4112
-1.2198
-1.0075
-0.7781
-0.5355
-0.2839
-0.0275
0.2293
0.4821
0.7266
0.9586
1.1742
1.3697
1.5418
1.6877
1.8047
1.8909
1.9449
1.9657
1.9529
1.9067
1.8280
1.7180
1.5786
1.4122
1.2216
1.0100
0.7811
