-0.0004
-0.0010
-0.0020
-0.0036
-0.0057
-0.0081
-0.0113
-0.0146
-0.0178
-0.0207
-0.0230
-0.0239
-0.0232
-0.0202
-0.0140
-0.0043
0.0093
0.0279
0.0519
0.0814
0.1170
0.1592
0.2077
0.2626
0.3239
0.3905
0.4617
0.5365
0.6131
0.6894
0.7635
0.8331
0.8955
0.9486
0.9901
1.0176
1.0298
1.0257
1.0040
0.9647
0.9082
0.8350
0.7464
0.6443
0.5302
0.4062
0.2750
0.1389
-0.0001
-0.1389
-0.2754
-0.4075
-0.5323
-0.6480
-0.7529
-0.8446
-0.9218
-0.9835
-1.0283
-1.0553
-1.0645
-1.0555
-1.0282
-0.9835
-0.9220
-0.8445
-0.7526
-0.6481
-0.5322
-0.4072
-0.2756
-0.1390
0.0001
0.1389
0.2754
0.4075
0.5323
0.6480
0.7528
0.8446
0.9218
0.9835
1.0283
1.0553
1.0645
1.0556
1.0282
0.9835
0.9220
0.8445
0.7526
0.6481
0.5322
0.4072
0.2756
0.1390
-0.0001
-0.1389
-0.2754
-0.4075
-0.5323
-0.6480
-0.7529
-0.8446
-0.9218
-0.9835
-1.0283
-1.0553
-1.0645
-1.0555
-1.0282
-0.9835
-0.9220
-0.8445
-0.7526
-0.6481
-0.5322
-0.4072
-0.2756
-0.1390
0.0001
0.1389
0.2754
0.4075
0.5323
0.6480
0.7528
0.8446
0.9218
0.9835
1.0283
1.0553
1.0645
1.0556
1.0282
0.9835
0.9220
0.8445
0.7526
0.6481
0.5322
0.4072
0.2756
0.1390
-0.0001
-0.1389
-0.2754
-0.4075
-0.5323
-0.6480
-0.7529
-0.8446
-0.9218
-0.9835
-1.0283
-1.0553
-1.0645
-1.0555
-1.0282
-0.9835
-0.9220
-0.8445
-0.7526
-0.6481
-0.5322
-0.4072
-0.2756
-0.1390
0.0001
0.1389
0.2754
0.4075
0.5323
0.6480
0.7528
0.8446
0.9218
0.9835
1.0283
1.0553
1.0645
1.0556
1.0282
0.9835
0.9220
0.8445
0.7526
0.6481
0.5322
0.4072
0.2756
0.1390
-0.0001
-0.1389
-0.2754
-0.4075
-0.5323
-0.6480
-0.7529
-0.8446
-0.9218
-0.9835
-1.0283
-1.0553
-1.0645
-1.0555
-1.0282
-0.9835
-0.9220
-0.8445
-0.7526
-0.6481
-0.5322
-0.4072
-0.2756
-0.1390
0.0001
0.1389
0.2754
0.4075
0.5323
0.6480
0.7528
0.8446
0.9218
0.9835
1.0283
1.0553
1.0645
1.0556
1.0282
0.9835
0.9220
0.8445
0.7526
0.6481
0.5322
0.4072
0.2756
0.1390
-0.0001
-0.1389
-0.2754
-0.4075
-0.5323
-0.6480
-0.7529
-0.8446
-0.9218
-0.9835
-1.0283
-1.0553
-1.0645
-1.0555
-1.0282
-0.9835
-0.9220
-0.8445
-0.7526
-0.6481
-0.5322
-0.4072
-0.2756
-0.1390
0.0001
0.1389
0.2754
0.4075
0.5323
0.6480
0.7528
0.8446
0.9218
0.9835
1.0283
1.0553
1.0645
1.0556
1.0282
0.9835
0.9220
0.8445
0.7526
0.6481
0.5322
0.4072
0.2756
0.1390
-0.0001
-0.1389
-0.2754
-0.4075
-0.5323
-0.6480
-0.7529
-0.8446
-0.9218
-0.9835
-1.0283
-1.0553
-1.0645
-1.0555
-1.0282
-0.9835
-0.9220
-0.8445
-0.7526
-0.6481
-0.5322
-0.4072
-0.2756
-0.1390
0.0001
0.1389
0.2754
0.4075
0.5323
0.6480
0.7528
0.8446
