0.0000
0.0000
0.0000
0.0000
0.0000
0.0000
-0.0000
-0.0000
-0.0000
-0.0000
0.0000
0.0001
0.0003
0.0002
-0.0003
-0.0011
-0.0015
-0.0006
0.0021
0.0054
0.0059
0.0008
-0.0094
-0.0185
-0.0169
0.0010
0.0293
0.0494
0.0395
-0.0072
-0.0706
-0.1083
-0.0806
0.0169
0.1376
0.2025
0.1483
-0.0215
-0.2225
-0.3288
-0.2497
0.0018
0.2992
0.4665
0.3831
0.0660
-0.3255
-0.5743
-0.5292
-0.1969
0.2567
0.5962
0.6452
0.3787
-0.0692
-0.4819
-0.6710
-0.5623
-0.2162
0.2132
0.5511
0.6693
0.5256
0.1717
-0.2652
-0.6209
-0.7483
-0.5752
-0.1461
0.3786
0.7778
0.8648
0.5786
0.0250
-0.5615
-0.9220
-0.8930
-0.4823
0.1345
0.6954
0.9672
0.8431
0.3802
-0.2318
-0.7498
-0.9722
-0.8126
-0.3306
0.2896
0.8061
1.0100
0.8097
0.2748
-0.3843
-0.8972
-1.0467
-0.7641
-0.1631
0.5064
0.9649
1.0233
0.6622
0.0360
-0.5955
-0.9768
-0.9595
-0.5580
0.0614
0.6495
0.9728
0.9038
0.4711
-0.1515
-0.7123
-0.9824
-0.8494
-0.3664
0.2676
0.7886
0.9794
0.7617
0.2292
-0.3927
-0.8440
-0.9396
-0.6454
-0.0892
0.4960
0.8697
0.8816
0.5311
-0.0349
-0.5833
-0.8892
-0.8271
-0.4222
0.1587
0.6748
0.9105
0.7658
0.2996
-0.2935
-0.7644
-0.9150
-0.6818
-0.1629
0.4238
0.8328
0.8940
0.5831
0.0301
-0.5353
-0.8793
-0.8599
-0.4846
0.0926
0.6342
0.9162
0.8204
0.3839
-0.2149
-0.7285
-0.9430
-0.7670
-0.2715
0.3391
0.8114
0.9488
0.6936
0.1509
-0.4548
-0.8734
-0.9321
-0.6071
-0.0321
0.5565
0.9168
0.9007
0.5145
-0.0838
-0.6486
-0.9476
-0.8570
-0.4134
0.2013
0.7335
0.9636
0.7963
0.3005
-0.3189
-0.8059
-0.9598
-0.7177
-0.1804
0.4299
0.8615
0.9372
0.6269
0.0592
-0.5317
-0.9023
-0.9005
-0.5275
0.0626
0.6262
0.9307
0.8503
0.4185
-0.1859
-0.7128
-0.9441
-0.7844
-0.3002
0.3075
0.7870
0.9401
0.7039
0.1768
-0.4227
-0.8467
-0.9200
-0.6127
-0.0521
0.5299
0.8926
0.8860
0.5126
-0.0731
-0.6290
-0.9248
-0.8378
-0.4037
0.1980
0.7181
0.9412
0.7746
0.2873
-0.3193
-0.7940
-0.9405
-0.6980
-0.1666
0.4339
0.8555
0.9237
0.6102
0.0442
-0.5406
-0.9024
-0.8917
-0.5124
0.0790
0.6383
0.9343
0.8444
0.4055
-0.2013
-0.7251
-0.9496
-0.7818
-0.2911
0.3199
0.7989
0.9479
0.7056
0.1719
-0.4327
-0.8586
-0.9300
-0.6174
-0.0500
0.5380
0.9039
0.8964
0.5187
-0.0732
-0.6347
-0.9339
-0.8472
-0.4106
0.1955
0.7206
0.9477
0.7832
0.2951
-0.3146
-0.7940
-0.9452
-0.7057
-0.1748
0.4282
0.8540
0.9267
0.6165
0.0515
-0.5346
-0.8996
-0.8927
-0.5167
0.0729
0.6322
0.9301
0.8434
0.4079
-0.1961
-0.7190
-0.9446
-0.7796
-0.2923
0.3158
0.7934
0.9430
0.7027
0.1719
-0.4300
-0.8542
-0.9253
-0.6139
-0.0486
0.5369
