1.4000
0.6658
0.0018
0.6693
-0.3660
-0.5890
1.4899
1.2019
-0.2170
1.3767
2.3353
0.9473
1.0000
1.0356
-0.4034
0.4711
1.9490
0.3848
-0.0757
1.8066
1.3660
0.0961
0.5158
-0.4047
-1.4000
0.3002
0.4982
-1.3764
-0.5000
0.8479
-0.4900
-0.9431
-0.6490
-2.0838
-1.8353
0.0186
-1.0000
-2.0015
-0.0966
0.2360
-1.0830
-0.6436
-0.9243
-2.0654
-0.5000
0.6110
-1.0158
-0.5612
1.4000
0.6658
0.0018
0.6693
-0.3660
-0.5890
1.4899
1.2019
-0.2170
1.3767
2.3353
0.9473
1.0000
1.0356
-0.4034
0.4711
1.9490
0.3848
-0.0757
1.8066
1.3660
0.0961
0.5158
-0.4047
-1.4000
0.3002
0.4982
-1.3764
-0.5000
0.8479
-0.4900
-0.9431
-0.6490
-2.0838
-1.8353
0.0186
-1.0000
-2.0015
-0.0966
0.2360
-1.0830
-0.6436
-0.9243
-2.0654
-0.5000
0.6110
-1.0158
-0.5612
1.4000
0.6658
0.0018
0.6693
-0.3660
-0.5890
1.4899
1.2019
-0.2170
1.3767
2.3353
0.9473
1.0000
1.0356
-0.4034
0.4711
1.9490
0.3848
-0.0757
1.8066
1.3660
0.0961
0.5158
-0.4047
-1.4000
0.3002
0.4982
-1.3764
-0.5000
0.8479
-0.4900
-0.9431
-0.6490
-2.0838
-1.8353
0.0186
-1.0000
-2.0015
-0.0966
0.2360
-1.0830
-0.6436
-0.9243
-2.0654
-0.5000
0.6110
-1.0158
-0.5612
1.4000
0.6658
0.0018
0.6693
-0.3660
-0.5890
1.4899
1.2019
-0.2170
1.3767
2.3353
0.9473
1.0000
1.0356
-0.4034
0.4711
1.9490
0.3848
-0.0757
1.8066
1.3660
0.0961
0.5158
-0.4047
-1.4000
0.3002
0.4982
-1.3764
-0.5000
0.8479
-0.4900
-0.9431
-0.6490
-2.0838
-1.8353
0.0186
-1.0000
-2.0015
-0.0966
0.2360
-1.0830
-0.6436
-0.9243
-2.0654
-0.5000
0.6110
-1.0158
-0.5612
1.4000
0.6658
0.0018
0.6693
-0.3660
-0.5890
1.4899
1.2019
-0.2170
1.3767
2.3353
0.9473
1.0000
1.0356
-0.4034
0.4711
1.9490
0.3848
-0.0757
1.8066
1.3660
0.0961
0.5158
-0.4047
-1.4000
0.3002
0.4982
-1.3764
-0.5000
0.8479
-0.4900
-0.9431
-0.6490
-2.0838
-1.8353
0.0186
-1.0000
-2.0015
-0.0966
0.2360
-1.0830
-0.6436
-0.9243
-2.0654
-0.5000
0.6110
-1.0158
-0.5612
1.4000
0.6658
0.0018
0.6693
-0.3660
-0.5890
1.4899
1.2019
-0.2170
1.3767
2.3353
0.9473
1.0000
1.0356
-0.4034
0.4711
1.9490
0.3848
-0.0757
1.8066
1.3660
0.0961
0.5158
-0.4047
-1.4000
0.3002
0.4982
-1.3764
-0.5000
0.8479
-0.4900
-0.9431
-0.6490
-2.0838
-1.8353
0.0186
-1.0000
-2.0015
-0.0966
0.2360
-1.0830
-0.6436
-0.9243
-2.0654
-0.5000
0.6110
-1.0158
-0.5612
1.4000
0.6658
0.0018
0.6693
-0.3660
-0.5890
1.4899
1.2019
-0.2170
1.3767
2.3353
0.9473
1.0000
1.0356
-0.4034
0.4711
1.9490
0.3848
-0.0757
1.8066
1.3660
0.0961
0.5158
-0.4047
-1.4000
0.3002
0.4982
-1.3764
-0.5000
0.8479
-0.4900
-0.9431
