0.0000
0.0000
0.0000
0.0000
0.0000
0.0000
0.0000
0.0000
0.0001
0.0002
0.0003
0.0006
0.0010
0.0016
0.0025
0.0037
0.0054
0.0077
0.0107
0.0146
0.0194
0.0253
0.0325
0.0412
0.0515
0.0636
0.0774
0.0932
0.1110
0.1307
0.1523
0.1757
0.2006
0.2268
0.2540
0.2817
0.3094
0.3366
0.3627
0.3869
0.4087
0.4274
0.4421
0.4524
0.4574
0.4568
0.4501
0.4368
0.4167
0.3898
0.3561
0.3158
0.2693
0.2171
0.1599
0.0985
0.0338
-0.0330
-0.1008
-0.1685
-0.2347
-0.2981
-0.3575
-0.4117
-0.4595
-0.5000
-0.5321
-0.5551
-0.5685
-0.5718
-0.5649
-0.5476
-0.5203
-0.4833
-0.4372
-0.3828
-0.3211
-0.2532
-0.1803
-0.1038
-0.0250
0.0545
0.1333
0.2100
0.2831
0.3512
0.4130
0.4676
0.5137
0.5507
0.5778
0.5946
0.6008
0.5963
0.5812
0.5558
0.5206
0.4762
0.4236
0.3636
0.2973
0.2260
0.1509
0.0733
-0.0053
-0.0836
-0.1603
-0.2340
-0.3034
-0.3674
-0.4248
-0.4748
-0.5164
-0.5491
-0.5723
-0.5856
-0.5888
-0.5819
-0.5652
-0.5388
-0.5033
-0.4592
-0.4075
-0.3489
-0.2845
-0.2153
-0.1427
-0.0677
0.0084
0.0841
0.1584
0.2299
0.2974
0.3599
0.4161
0.4653
0.5066
0.5392
0.5627
0.5766
0.5808
0.5751
0.5596
0.5347
0.5006
0.4581
0.4078
0.3505
0.2873
0.2191
0.1473
0.0729
-0.0028
-0.0784
-0.1528
-0.2245
-0.2925
-0.3555
-0.4125
-0.4624
-0.5045
-0.5380
-0.5624
-0.5771
-0.5820
-0.5769
-0.5620
-0.5375
-0.5037
-0.4613
-0.4111
-0.3537
-0.2903
-0.2219
-0.1496
-0.0748
0.0013
0.0774
0.1523
0.2245
0.2929
0.3564
0.4137
0.4639
0.5062
0.5399
0.5643
0.5790
0.5838
0.5786
0.5635
0.5387
0.5047
0.4621
0.4115
0.3539
0.2902
0.2215
0.1491
0.0741
-0.0022
-0.0785
-0.1534
-0.2256
-0.2940
-0.3574
-0.4146
-0.4647
-0.5069
-0.5404
-0.5646
-0.5792
-0.5838
-0.5785
-0.5632
-0.5384
-0.5043
-0.4615
-0.4109
-0.3533
-0.2896
-0.2209
-0.1485
-0.0735
0.0027
0.0788
0.1536
0.2258
0.2941
0.3574
0.4145
0.4646
0.5067
0.5401
0.5643
0.5788
0.5835
0.5781
0.5629
0.5380
0.5040
0.4613
0.4107
0.3531
0.2895
0.2209
0.1485
0.0736
-0.0025
-0.0787
-0.1534
-0.2256
-0.2939
-0.3572
-0.4143
-0.4644
-0.5065
-0.5400
-0.5642
-0.5787
-0.5834
-0.5781
-0.5629
-0.5381
-0.5040
-0.4614
-0.4108
-0.3532
-0.2896
-0.2210
-0.1486
-0.0737
0.0024
0.0786
0.1534
0.2255
0.2938
0.3571
0.4143
0.4644
0.5065
0.5400
0.5642
0.5788
0.5835
0.5782
0.5630
0.5381
0.5041
0.4614
0.4109
0.3533
0.2896
0.2210
0.1487
0.0737
-0.0024
-0.0786
-0.1534
-0.2256
-0.2939
-0.3572
-0.4143
-0.4644
-0.5066
-0.5400
-0.5643
-0.5788
-0.5835
-0.5782
-0.5630
-0.5381
-0.5041
-0.4614
-0.4109
-0.3533
-0.2896
-0.2210
-0.1486
-0.0737
